  0.69561779      0.67822564    
   1.7666615      0.23489782    
   2.7692182       19.734474    
   3.7982786      0.25783613    
   4.8745246       19.867182    
   5.7598124      0.42584416    
   6.6524382       19.924356    
   7.6503630       19.404312    
   8.5904331       19.891222    
   9.5812492       19.295750    
   10.552973       19.876156    
   11.576957      0.44567668    
   12.559080       19.874142    
   13.527989      0.29262590    
   14.587589       19.609087    
   15.579771      0.13778725    
   16.865921       19.593416    
   17.738544      0.17554183    
   18.682177      0.72826028    
   19.779194      0.14998624    
  0.53007764       1.8116094    
   1.6573575       1.3123246    
   2.7166729      0.77837312    
   3.6796255       1.2790248    
   4.6696243      0.88459718    
   5.5793271       1.4672537    
   6.7007890      0.94247681    
   7.6758757      0.40453938    
   8.5857382      0.95892793    
   9.5558691      0.41213703    
   10.447999      0.95894432    
   11.571845       1.4989138    
   12.587542       1.0491185    
   13.570781       1.3772287    
   14.492650      0.73043031    
   15.557349       1.2100388    
   16.555552      0.71080369    
   17.537724       1.2081143    
   18.516323       1.7232441    
   19.606863       1.2041138    
  0.39366019       2.8869495    
   1.5283086       2.3465254    
   2.6082876       1.8737538    
   3.5945535       2.2815311    
   4.6193943       1.9178032    
   5.6140490       2.5055647    
   6.5364146       1.9653054    
   7.6215520       1.5358800    
   8.5211334       2.0961685    
   9.5309706       1.4589188    
   10.520889       1.9840337    
   11.529093       2.6294947    
   12.492187       2.0604148    
   13.512725       2.4471118    
   14.527486       1.8298585    
   15.470775       2.3422832    
   16.475163       1.8489426    
   17.394836       2.2442789    
   18.474882       2.8295851    
   19.480230       2.2438049    
  0.49953699       4.0434670    
   1.4279010       3.4292610    
   2.4915435       2.9230030    
   3.5545857       3.5135324    
   4.4724617       3.0046015    
   5.5470328       3.5498688    
   6.5180135       3.0582507    
   7.5189757       2.5640025    
   8.5386162       3.1346061    
   9.5701618       2.5521264    
   10.489446       3.2197244    
   11.558531       3.6840515    
   12.486423       3.0657115    
   13.529432       3.5316396    
   14.531128       2.8522539    
   15.588055       3.4509037    
   16.509583       2.9038920    
   17.586596       3.3768954    
   18.561539       3.8936703    
   19.472740       3.4039359    
  0.61602914       5.0824952    
   1.6235341       4.5098858    
   2.5364842       3.9848320    
   3.4620028       4.5303135    
   4.5704241       4.0025735    
   5.5165167       4.6495752    
   6.6397839       4.1316080    
   7.5640841       3.6340015    
   8.5092173       4.1776180    
   9.5306187       3.6466334    
   10.653941       4.2938385    
   11.618780       4.7387929    
   12.588120       4.1905389    
   13.518062       4.6464663    
   14.718445       4.0001297    
   15.612644       4.5101619    
   16.667831       3.9174614    
   17.614542       4.5375552    
   18.591413       5.0172639    
   19.535812       4.5227818    
  0.56873846       6.1453085    
   1.4765309       5.6378164    
   2.5073004       5.0301480    
   3.3852501       5.6312451    
   4.4396186       5.0918341    
   5.3761301       5.6649294    
   6.4929695       5.2374725    
   7.4953990       4.7576623    
   8.5072870       5.2401910    
   9.4844875       4.7070131    
   10.488695       5.3138514    
   11.509584       5.8542933    
   12.565593       5.2794490    
   13.687906       5.7359385    
   14.611523       5.1201248    
   15.569824       5.6078014    
   16.657207       5.0521283    
   17.612478       5.5871062    
   18.582258       6.0854115    
   19.607136       5.6325750    
  0.48099205       7.1744323    
   1.4497041       6.7435894    
   2.4295413       6.1509385    
   3.3674157       6.6374178    
   4.3768854       6.1372914    
   5.3283081       6.7176018    
   6.3367696       6.3046536    
   7.4606066       5.7988811    
   8.4114361       6.3651810    
   9.4795465       5.7513866    
   10.400347       6.3829236    
   11.387063       6.9359212    
   12.431065       6.3141308    
   13.429967       6.7584643    
   14.599948       6.2055097    
   15.581418       6.6684437    
   16.585333       6.1027889    
   17.497999       6.6251726    
   18.438091       7.1290874    
   19.495142       6.6705904    
  0.45668712       8.3452978    
   1.3976126       7.7705946    
   2.4157066       7.1835108    
   3.2682877       7.7802148    
   4.3441634       7.1958423    
   5.2462325       7.7211418    
   6.2767954       7.3377657    
   7.2697191       6.8436031    
   8.1762524       7.3863039    
   9.3834276       6.9116697    
   10.269794       7.3967862    
   11.220082       7.9907484    
   12.409604       7.3931422    
   13.449661       7.8015680    
   14.492398       7.2121487    
   15.542976       7.6892457    
   16.511894       7.2043195    
   17.483459       7.7766919    
   18.439709       8.2883224    
   19.521332       7.8405323    
  0.48488414       9.4446058    
   1.4453934       8.8665104    
   2.3822403       8.2600851    
   3.3259196       8.9543447    
   4.2341709       8.2463493    
   5.2204213       8.8194847    
   6.1866841       8.3977251    
   7.1950550       7.9010468    
   8.1541729       8.4633036    
   9.0987654       7.9735475    
   10.163679       8.4637661    
   11.062791       9.0459623    
   12.198582       8.3784447    
   13.741221       8.8010082    
   14.635032       8.2878265    
   15.572615       8.7704868    
   16.490028       8.3089428    
   17.527779       8.8667469    
   18.468454       9.3886833    
   19.478226       8.9020195    
  0.28462300       10.502713    
   1.3813844       9.9569674    
   2.3601294       9.4606991    
   3.2795894       10.021496    
   4.3122244       9.3875351    
   5.1376491       9.9785023    
   6.0880456       9.5039654    
   7.1367044       8.9451218    
   8.0729475       9.5287771    
   9.1402082       9.0162373    
   10.043352       9.5447502    
   11.850872       9.7115545    
   12.828940       9.2303476    
   13.674766       9.8573303    
   14.680348       9.3987522    
   15.578983       9.8594236    
   16.532736       9.3677998    
   17.421427       9.9385939    
   18.353546       10.460705    
   19.383530       9.9707489    
  0.20375775       11.549850    
   1.1673735       11.023607    
   2.2346225       10.507748    
   3.2225862       11.033780    
   4.2414732       10.461532    
   5.0547576       11.199700    
   6.0036426       10.618953    
   6.9723516       10.017921    
   8.0068731       10.533060    
   9.0231609       10.033436    
   10.858763       10.215882    
   11.730974       10.825233    
   12.755862       10.321255    
   13.602253       10.916370    
   14.633999       10.489750    
   15.576296       10.924160    
   16.521482       10.484443    
   17.430984       11.002730    
   18.354155       11.562683    
   19.340761       10.987369    
  0.22220266       12.610912    
   1.2273445       12.089684    
   2.1551776       11.551384    
   3.0716960       12.181334    
   4.1205015       11.675359    
   4.9841828       12.249494    
   5.9578543       11.697002    
   6.9666848       11.066600    
   8.8531532       11.177773    
   9.8731451       10.630195    
   10.797991       11.276745    
   11.672911       11.886412    
   12.650166       11.352333    
   13.569757       11.970653    
   14.506194       11.484714    
   15.483537       11.993771    
   16.532539       11.589367    
   17.416260       12.109616    
   18.276997       12.620528    
   19.242676       12.082201    
  0.17981604       13.647246    
   1.1421397       13.194427    
   2.1082513       12.631088    
   2.9812934       13.236011    
   4.0249639       12.785975    
   5.9041271       12.775918    
   6.8703418       12.175200    
   7.8391848       11.655617    
   8.8125715       12.212197    
   9.7703314       11.703653    
   10.688936       12.339675    
   11.639712       12.985302    
   12.619214       12.479365    
   13.518409       13.048426    
   14.503757       12.531621    
   15.406748       13.088005    
   16.382126       12.581520    
   17.266695       13.167876    
   18.188086       13.684213    
   19.243412       13.194396    
  5.09023033E-02   14.814197    
   1.1332457       14.282193    
   2.0508153       13.757438    
   3.9711494       13.806770    
   4.9702382       13.301675    
   5.8687673       13.852261    
   6.9378147       13.331106    
   7.8157339       12.701633    
   8.6897717       13.408633    
   9.6392021       12.844352    
   10.648038       13.444077    
   11.553894       14.036132    
   12.540468       13.550702    
   13.534446       14.123509    
   14.467571       13.582186    
   15.325914       14.206982    
   16.260334       13.632188    
   17.219154       14.225331    
   18.136091       14.853697    
   19.120045       14.281240    
   1.0134052       15.382094    
   2.0131483       14.902860    
   2.9321837       14.333798    
   3.8659635       14.909210    
   4.9006009       14.308871    
   5.8512521       14.993503    
   6.7834792       14.373524    
   7.7724619       13.920865    
   8.6082420       14.584761    
   9.6579981       13.940188    
   10.611948       14.477886    
   11.576863       15.062575    
   12.545668       14.644394    
   13.434073       15.212071    
   14.427483       14.689524    
   15.280528       15.306932    
   16.312004       14.712935    
   17.152046       15.333627    
   18.120707       15.921884    
   19.169453       15.339725    
   1.0627258       16.469275    
   2.0089881       15.966469    
   2.9323950       15.479216    
   3.9531121       16.003529    
   4.9129319       15.387736    
   5.7707090       16.079702    
   6.7535677       15.531874    
   7.6910810       15.042612    
   8.6089783       15.608136    
   9.5583086       15.041640    
   10.502711       15.520576    
   11.342523       16.140259    
   12.461548       15.718023    
   13.363157       16.219938    
   14.353435       15.777957    
   15.226862       16.407286    
   16.260237       15.827020    
   17.170025       16.406433    
   19.045883       16.421885    
  3.96074913E-02   15.978546    
   1.0061964       17.478701    
   2.0511992       16.994778    
   2.9406064       16.507677    
   3.8265102       17.041637    
   4.8445063       16.507595    
   5.7435966       17.161606    
   6.7693272       16.650984    
   7.6597610       16.098385    
   8.5803127       16.696291    
   9.5388708       16.173515    
   10.482123       16.753464    
   11.422502       17.214485    
   12.335487       16.718307    
   13.311276       17.227533    
   14.261469       16.798904    
   15.250850       17.432144    
   16.195768       16.954708    
   18.113369       16.958265    
   19.067661       17.476883    
  2.38286369E-02   17.003153    
  0.91535860       18.520145    
   2.0546632       18.102104    
   2.9278698       17.610554    
   3.8625097       18.095242    
   4.7968359       17.596550    
   5.7657857       18.231899    
   6.6704469       17.670982    
   7.6797795       17.218840    
   8.6100826       17.826998    
   9.5340366       17.220360    
   10.571101       17.770048    
   11.497016       18.218193    
   12.412782       17.779692    
   13.357130       18.274689    
   14.275946       17.801144    
   16.121540       18.079449    
   17.165298       17.465824    
   18.058649       18.022268    
   18.929041       18.530502    
   19.879801       18.113800    
  0.81876862       19.641859    
   1.7846519       19.146154    
   2.9583416       18.690434    
   3.9467249       19.208393    
   4.8226085       18.703991    
   5.7348208       19.304842    
   6.7601542       18.897509    
   7.7080927       18.343317    
   8.6604176       18.857674    
   9.5983315       18.222319    
   10.526761       18.772043    
   11.494068       19.230721    
   12.449794       18.792334    
   13.598607       19.278580    
   15.062520       18.574009    
   15.893457       19.161903    
   17.059816       18.576914    
   17.933031       19.102898    
   18.841026       19.613203    
   19.861307       19.120279    
