  0.76132053       19.764767    
   1.8890940       19.415316    
   2.9542031      0.26405078    
   3.9529386       1.1515602    
   5.5101576       19.454729    
   6.3191352      0.47379321    
   7.4227314      0.86621135    
   8.5183916      0.82568717    
   10.508815      0.12944849    
   11.798537      0.88112128    
   11.568152       19.734062    
   13.739697       19.840590    
   15.001133      0.17388415    
   16.150475      0.89709502    
   15.893127       19.487123    
   16.929724       19.113266    
   17.959881       19.829279    
   18.975286       19.365185    
  0.77545291       1.0428009    
   1.8302534      0.61491543    
   2.7895796       1.4567510    
   3.6530657       2.2009563    
   5.0960913      0.64906389    
   5.1263032       1.7606577    
   6.3860335       1.6706671    
   7.3444967       2.3778872    
   9.3320217      7.49720931E-02
   10.770226       1.5757138    
   12.660523      0.19838999    
   12.843213       1.3523388    
   13.918802      0.96948427    
   15.121560       1.7112024    
   16.917967      0.16541545    
   17.232044       1.3794982    
   18.480173      0.85808784    
   19.713585      0.27282780    
  0.50066316       2.3860466    
   1.7651495       1.7288254    
   2.5303113       2.5791774    
   3.5953817       3.4860582    
   4.5752687       2.8317957    
   5.9283857       2.6950586    
   6.8922520       3.4898086    
   8.5940437       1.9490913    
   9.6603222       1.1416709    
   10.834309       2.7720196    
   11.793975       2.0344584    
   12.805278       2.5046811    
   14.074324       2.1402795    
   15.113278       2.8015723    
   16.151960       2.0882623    
   17.245560       2.7444003    
   18.363329       1.9878132    
   19.642948       1.6078984    
  0.35998887       3.7414851    
   1.3620384       3.0147994    
   2.5340168       3.7551484    
   4.4929986       4.2163625    
   5.8106756       3.8039224    
   6.9188299       4.5301657    
   8.1002855       4.1864762    
   8.6497993       3.0936470    
   9.6843729       2.2689531    
   10.974818       3.9546134    
   11.881003       3.1833613    
   13.202325       3.6983032    
   14.237953       3.3778687    
   15.364522       3.9373605    
   16.199947       3.2419057    
   17.331287       3.7912529    
   18.488459       3.1076260    
   19.518223       2.8819184    
  0.52364498       4.8900537    
   1.5867428       4.2109642    
   3.3683238       4.5945950    
   4.6321101       5.4909401    
   5.7929482       4.8880997    
   6.9538670       5.6740408    
   8.0270700       5.3197126    
   9.2983875       4.3105836    
   10.019851       3.5814617    
   11.337310       4.9256144    
   12.154122       4.2469916    
   13.249600       4.8434682    
   14.332995       4.6299157    
   15.442265       5.1179957    
   16.549870       4.7071180    
   17.676741       5.7366691    
   18.083494       4.6346283    
   19.200153       4.0898142    
   1.3318946       5.7174821    
   2.4477680       5.1852255    
   3.3046191       5.9146986    
   4.4485388       6.6825280    
   5.6949821       6.1516910    
   6.6575451       6.8853960    
   7.8088446       6.4094601    
   9.0545311       5.5840602    
   10.189592       5.1792102    
   10.975379       6.0661302    
   12.251925       5.5919628    
   13.298764       6.0477514    
   14.513310       5.9695964    
   15.169779       6.7960181    
   16.581144       5.9622393    
   17.485958       7.1612329    
   19.226376       5.2699742    
   19.943232       6.0314507    
   1.1016999       6.7580199    
   2.2714944       6.3245111    
   3.2417338       7.0508103    
   4.2345304       7.9449630    
   5.6106114       7.2543101    
   6.5081844       8.0958729    
   7.6673574       7.6508756    
   8.6374054       7.1352997    
   9.8060598       6.4892988    
   11.115234       7.2331500    
   12.104449       6.6859436    
   13.109002       7.4203181    
   14.126045       7.0528979    
   15.208349       7.8777480    
   16.352970       7.0384388    
   17.656088       8.3915873    
   18.697702       6.5167217    
  0.16823471       7.2236838    
  0.80051517       8.2412605    
   2.1432533       7.5715075    
   3.1247561       8.1842318    
   4.0637679       9.1018867    
   5.2283778       8.4872665    
   6.1084924       9.2594995    
   7.3657727       8.9145784    
   8.7229156       8.1570530    
   9.8455038       7.5771947    
   10.804415       8.2296886    
   11.937446       8.0062389    
   12.925696       8.5754471    
   14.092595       8.3142385    
   14.788421       9.2936640    
   16.618805       8.2689590    
   17.302811       9.4784002    
   18.735947       7.6797919    
   19.760988       8.3811741    
  0.78505623       9.3742752    
   1.7732663       8.7062960    
   2.9274459       9.4103127    
   3.9054255       10.238002    
   5.0906973       9.7238550    
   6.0920930       10.360778    
   7.1940198       9.9247189    
   8.3789377       9.3357019    
   9.7351761       8.7070837    
   10.503546       9.5438232    
   11.559781       9.1615601    
   12.678069       9.7293568    
   13.742581       9.4523735    
   15.382579       10.224024    
   15.937281       9.0552101    
   17.481546       10.703950    
   18.706171       8.8833904    
   19.659491       9.6293516    
  0.64585602       10.425534    
   1.9192635       10.049125    
   2.6718473       10.843906    
   3.8020031       11.452952    
   4.9327474       10.844678    
   7.1784372       11.081535    
   8.3097191       10.466870    
   9.2849646       9.7916050    
   10.223782       10.572926    
   11.239049       11.352817    
   11.658982       10.304033    
   12.665672       11.024033    
   14.192414       10.376645    
   15.040629       11.374101    
   16.528431       10.120963    
   17.173660       11.911275    
   18.377649       10.015556    
   19.368896       10.758812    
  0.46663737       11.561681    
   1.7492751       11.411275    
   2.6722891       12.101032    
   3.7312770       12.731965    
   4.9905338       11.946217    
   6.0990715       11.875672    
   7.2166920       12.458774    
   8.1887827       11.572153    
   9.2827797       11.175713    
   10.037448       11.946989    
   12.158607       12.108695    
   13.381456       12.494189    
   13.860765       11.399203    
   15.682734       12.349787    
   16.193083       11.254524    
   18.017004       12.656040    
   18.492498       11.479018    
   19.438736       12.041440    
  0.35340238       12.698956    
   1.3475592       12.457551    
   2.6706960       13.183147    
   3.7889225       13.918247    
   4.7344937       13.293118    
   5.8266916       13.189278    
   6.9407773       13.635153    
   8.1128654       13.249997    
   8.9784517       12.424189    
   11.024238       12.416149    
   12.267052       13.199752    
   13.346543       13.742655    
   14.599189       12.639686    
   14.494556       13.976216    
   15.494584       13.442861    
   16.667730       13.119207    
   18.205877       13.702925    
   19.247726       13.132149    
  0.31091553       13.896112    
   1.5693269       13.585021    
   2.5460868       14.228369    
   3.7961328       15.205430    
   4.7504010       14.412504    
   5.9413009       14.301159    
   7.0279126       15.066020    
   7.9935617       14.394303    
   9.2379618       13.840479    
   10.122012       13.117729    
   11.274981       13.863949    
   12.523391       14.449857    
   13.743965       14.865735    
   14.919662       15.136850    
   15.955599       14.680122    
   17.081558       14.334621    
   18.345173       14.805746    
   19.320425       14.359266    
  0.45785183       15.216237    
   1.4558825       14.683421    
   2.4202211       15.625511    
   4.6043139       17.200178    
   4.7486634       15.804343    
   5.8980780       15.486987    
   6.8140407       16.224600    
   8.1776857       15.511486    
   9.2907162       15.199327    
   10.195159       14.386703    
   11.561076       14.910981    
   12.506381       15.521793    
   14.186506       15.976558    
   15.279489       16.352131    
   16.300583       15.903158    
   17.382195       15.366161    
   18.294655       16.137426    
   19.189243       15.536410    
  0.25368956       16.298126    
   1.3348782       15.824972    
   2.5799446       16.924191    
   3.6744885       16.459909    
   5.6044374       16.627829    
   7.0541825       17.453955    
   7.8738542       16.669655    
   9.0110579       16.465124    
   10.130881       16.523499    
   10.345443       15.423162    
   11.294998       16.042402    
   12.147050       16.713913    
   13.224665       16.358822    
   15.052383       17.714087    
   16.081293       17.192623    
   17.184801       16.723822    
   18.155525       17.504654    
   19.070400       16.955877    
  0.19789042       17.678070    
   1.5057372       17.422335    
   2.4841428       18.292681    
   3.5693290       17.749733    
   5.7208829       17.823397    
   6.5750332       18.509638    
   7.7002640       18.544235    
   8.6821489       17.622429    
   9.8458805       17.720560    
   10.962265       17.257277    
   11.892063       17.863926    
   13.049674       17.731949    
   14.131314       17.076687    
   14.759188       19.054760    
   15.993677       18.420469    
   17.017588       17.893173    
   17.941565       18.701817    
   19.101557       18.131634    
  5.95125072E-02   18.901058    
   1.0776834       18.625975    
   3.1842694       19.109304    
   4.1402183       19.944143    
   4.3126316       18.853867    
   6.9940772       19.514870    
   8.1100788       19.801342    
   8.8396645       18.889170    
   9.9312229       19.134148    
   11.021187       18.765646    
   12.434027       18.796188    
   13.647765       18.665009    
