   32.815701      0.67566091    
   2.2058630       1.8654531    
   5.4994802       1.3624463    
   6.6205950       34.975517    
   10.685217       34.841381    
   8.3321419      0.78081304    
   10.230022       2.4823382    
   13.083013       33.550022    
   15.988188       34.317287    
   17.383078       33.158230    
   17.423822      5.53138740E-02
   20.323095       1.0654179    
   21.732109       34.475487    
   24.601265      0.53149253    
   26.104031       33.686783    
   27.556002      0.26661849    
   29.393202       1.0560488    
   30.466391      0.39000705    
   34.658077       33.932770    
   1.2479876       1.1331364    
   3.7625496       1.9504467    
   6.1744161       4.2858195    
   7.0031099       1.7295870    
   7.3095450       3.7374525    
   11.555304       3.3346655    
   12.296916       2.0842865    
   15.205407      0.81967765    
   15.879296       2.9401422    
   16.539610      0.96552759    
   18.426622       2.1423328    
   21.045177       3.1994247    
   22.018814      0.81645566    
   23.593012       2.6827326    
   21.789009       2.1707265    
   25.300591       2.0846686    
   27.581816       3.0943696    
   31.391539       3.5061355    
   32.090839       1.9493548    
   34.870949       3.6524613    
   1.6340370       4.5455108    
   3.7761366       3.2592177    
   7.9369941       2.5773518    
   8.7008600       5.3163519    
   10.080398       5.5406604    
   9.1267023       3.5936511    
   13.111695       4.3833356    
   15.511875       4.0709815    
   16.961090       2.1682997    
   18.740059       4.2298732    
   19.660336       3.0289090    
   22.376081       3.9262636    
   23.584438       4.7695165    
   25.054346       3.4808896    
   28.137651       4.6368294    
   29.382273       3.8161793    
   31.190649       4.8863039    
   33.144279       3.9658363    
   34.814766       5.5561213    
   1.6506420       5.8127708    
   4.1429977       5.0442257    
   5.4425125       5.3967843    
   6.6938677       6.5601678    
   9.1891489       7.0480080    
   12.074008       4.8308587    
   14.879278       5.5461798    
   16.546307       4.2979193    
   17.604605       5.1816516    
   18.560463       6.4935589    
   19.734209       5.5368905    
   21.185099       4.3244357    
   22.665094       6.0939317    
   25.543690       5.4819927    
   27.424047       5.5430837    
   29.882645       4.8125172    
   31.466898       7.0303955    
   32.546833       5.4819312    
  0.95475799       6.8916316    
   3.2087045       7.0475926    
   4.3859897       8.1505947    
   6.7343144       8.0948334    
   8.1757526       9.1923332    
   7.3967347       5.3482380    
   10.496614       8.1737108    
   11.196712       6.4911613    
   13.623219       7.3574305    
   16.647785       6.5028872    
   20.488775       6.7599306    
   22.652258       7.2562184    
   21.095045       8.1036644    
   22.265152       8.5288372    
   24.751957       7.7350850    
   27.219822       7.1538949    
   29.219574       10.100914    
   30.173473       6.6464100    
   33.038223       7.6509619    
   34.263340       8.8637590    
   2.1609704       8.8645515    
   4.4760189       9.8529015    
   5.8941560       9.1457014    
   6.9647613       10.055580    
   8.3481741       10.283650    
   12.259360       8.3452435    
   13.284437       9.3161879    
   14.512358       8.6625156    
   17.657341       7.6005850    
   19.602594       8.0651512    
   19.487476       10.030072    
   20.586376       9.3152332    
   22.254263       9.8974943    
   24.947865       9.3194294    
   27.605307       10.225428    
   30.545582       10.868845    
   31.532005       8.8061037    
   33.150253       10.047639    
   34.229889       12.128663    
   1.7693766       12.780864    
   1.9842093       10.906748    
   5.5612454       10.679208    
   7.5288601       11.314531    
   10.108395       10.238793    
   11.815444       10.101143    
   13.356864       11.971871    
   14.929617       11.327220    
   15.984833       11.614632    
   17.983913       10.386929    
   19.513126       13.107219    
   19.898788       11.365693    
   24.220474       10.486384    
   23.619179       8.6545391    
   26.447369       11.064748    
   27.965122       11.546316    
   31.765482       10.717800    
   33.334164       13.272514    
  0.52645206       14.028999    
   4.7823973       11.886673    
   5.5217681       13.389900    
   7.8204322       12.564131    
   8.0986547       14.017791    
   11.169562       12.327344    
   11.373853       13.439687    
   12.650471       14.787316    
   15.083701       12.762244    
   16.341330       13.489362    
   17.900414       11.669286    
   21.214712       13.682758    
   21.035465       12.190020    
   22.359428       13.661621    
   25.442926       12.047523    
   27.088457       14.192629    
   30.268770       14.378356    
   29.586451       12.068577    
   32.420559       14.093040    
   1.8947979       14.965570    
   2.6022494       13.762912    
   3.1519070       15.628374    
   4.4365635       13.900161    
   8.0056915       15.714437    
   10.838002       15.989099    
   9.3565731       14.024003    
   12.405441       16.325195    
   14.455782       14.818966    
   14.733955       16.439596    
   18.292751       13.572715    
   21.036707       15.734921    
   23.902708       14.984895    
   24.806429       17.465044    
   24.482679       13.910269    
   28.364729       14.486964    
   28.126759       16.237150    
   31.361610       14.944045    
   33.849480       15.398008    
   1.5653795       16.985172    
   2.7339284       16.977034    
   4.6694903       17.799992    
   5.5172138       15.684456    
   7.8417792       18.013483    
   8.7462597       16.906889    
   12.566938       17.392435    
   13.531495       16.169470    
   13.157173       19.058800    
   17.601887       16.811489    
   17.379288       14.726131    
   19.602322       16.577187    
   22.408316       15.174393    
   21.525427       17.005219    
   25.262657       15.986021    
   27.143715       15.291810    
   29.395285       16.036690    
   32.248360       15.751562    
   33.177650       16.782707    
   1.8974279       18.856924    
   3.3887138       18.661591    
   3.2580278       19.913004    
   7.1085320       16.768984    
   8.7134333       19.296101    
   10.640558       20.415163    
   10.059681       17.365303    
   12.131144       18.440866    
   15.062675       19.833590    
   16.490421       18.794237    
   19.229280       18.408018    
   21.149817       19.805550    
   21.308867       18.267408    
   22.312325       19.199326    
   26.220341       18.865252    
   26.471579       17.239477    
   28.188623       17.480318    
   33.258217       18.259611    
   32.559505       19.626417    
   34.650688       20.899847    
  0.56739080       19.658751    
   4.1826777       20.701492    
   5.2239027       19.824858    
   6.8045797       18.763845    
   8.7154245       20.746456    
   11.829440       20.024389    
   13.583223       20.401230    
   15.170427       22.870325    
   14.715219       20.965715    
   17.787575       20.504597    
   19.401157       20.333265    
   22.804783       20.690466    
   24.124151       20.389305    
   25.279150       20.163845    
   26.731485       19.776487    
   29.169891       19.999844    
   31.644060       18.464798    
   30.650095       20.062796    
  0.64785910       22.253035    
   1.0985398       21.040634    
   5.1725945       22.125301    
   6.3462095       20.535795    
   6.7310314       22.207937    
   9.2468987       21.971624    
   11.777472       22.546082    
   12.627202       21.163477    
   13.785412       22.377903    
   17.545107       22.439312    
   18.323051       21.576454    
   20.105131       22.291338    
   20.650585       24.632101    
   23.669605       22.411560    
   26.672386       20.938444    
   27.897984       22.366930    
   29.904436       20.951603    
   29.492758       22.466175    
   33.309338       21.228783    
   33.904259       24.818014    
   1.9515688       23.551010    
   4.1087861       24.028097    
   5.1909227       24.432360    
   7.9542689       23.454708    
   9.8534460       23.204655    
   11.071563       23.744427    
   13.801646       23.861624    
   15.575067       23.993587    
   16.412996       22.478931    
   17.414927       23.556391    
   18.500092       24.267689    
   21.621431       23.317736    
   23.385233       24.380234    
   25.283733       23.518496    
   27.956022       24.312057    
   29.348600       25.181044    
   32.293480       24.375870    
   32.192940       22.726933    
  7.54050538E-02   27.254662    
   2.6994298       26.640230    
   4.0482774       25.139524    
   4.7743959       27.554522    
   6.9697299       24.847313    
   9.9701843       24.468319    
   10.074563       25.920134    
   12.702406       24.093081    
   14.097394       25.594456    
   16.982027       25.167496    
   19.266613       25.517395    
   20.575121       25.775759    
   22.083416       24.502066    
   24.563902       25.941139    
   26.196430       24.285595    
   26.759829       25.617161    
   30.037148       26.761013    
   30.837852       25.680820    
   30.274841       24.100708    
   34.157730       29.919756    
   1.7033457       27.148474    
   4.0416980       26.588993    
   6.2429881       26.599724    
   8.1098156       25.192518    
   8.1889153       26.545017    
   9.7140741       28.298780    
   14.112964       27.043266    
   15.078753       27.604750    
   17.022509       28.087524    
   18.026188       26.517782    
   19.495329       27.027504    
   21.718496       26.338001    
   22.952326       26.872887    
   24.673515       27.575821    
   27.177015       27.687004    
   28.342400       26.187414    
   30.106941       29.183941    
   32.628651       26.212889    
  0.44198313       28.869879    
   1.8250036       29.245537    
   4.1990738       28.918545    
   4.0540853       30.763029    
   7.1430407       29.057594    
   10.983068       29.077335    
   12.426102       28.438040    
   13.997972       29.923853    
   15.464606       28.877419    
   17.102596       30.939533    
   17.625938       29.239784    
   18.395708       27.815893    
   20.354654       27.815380    
   22.265871       28.281233    
   26.582779       28.676834    
   28.112495       29.379833    
   31.257776       28.589407    
   32.815285       30.381701    
   32.521896       27.983360    
   33.465858       32.256687    
   1.5588114       31.110296    
   3.0934193       30.100082    
   6.4235268       30.831169    
   8.7691631       30.462065    
   8.3110819       33.042912    
   12.130181       29.685612    
   13.055162       31.628796    
   16.130222       30.078051    
   14.386141       31.369379    
   16.183403       31.987665    
   20.213104       31.339165    
   21.957050       30.722837    
   23.310650       31.822094    
   23.624830       28.303474    
   24.780413       30.071167    
   29.510376       30.822489    
   31.772984       31.206253    
   31.877171       32.601788    
   1.0344455       33.484550    
   3.5251095       32.492298    
   6.7414427       33.305923    
   5.3131423       33.654099    
   7.3608861       32.206894    
   10.848592       32.652466    
   11.493783       33.914459    
   14.088598       32.872166    
   14.406962       34.536442    
   15.334411       33.190647    
   18.161064       31.579315    
   19.268261       32.341843    
   22.579252       33.542526    
   24.153915       34.003487    
   25.446461       32.068771    
   28.467218       31.989277    
   27.855434       33.323151    
   30.771652       33.732319    
   32.056622       34.025242    
  5.65528795E-02  0.43071213    
   3.7695162      0.35876435    
   3.3966725       33.664974    
   7.6223459       34.038761    
   8.9217930       34.312462    
   11.846436      0.69773263    
