  1.99999996E-02   0.0000000    
  3.99999991E-02   0.0000000    
  5.99999987E-02   0.0000000    
  7.99999982E-02   0.0000000    
  9.99999940E-02   0.0000000    
  0.12000000       0.0000000    
  0.14000000       0.0000000    
  0.16000000       0.0000000    
  0.17999999       0.0000000    
  0.19999999       0.0000000    
  0.22000000       0.0000000    
  0.23999999       0.0000000    
  0.25999999       0.0000000    
  0.28000000       0.0000000    
  0.29999998       0.0000000    
  0.31999999       0.0000000    
  0.34000000       0.0000000    
  0.35999998       0.0000000    
  0.38000000       0.0000000    
  0.39999998       0.0000000    
  0.41999999       0.0000000    
  0.44000000       0.0000000    
  0.45999998       0.0000000    
  0.47999999       0.0000000    
  0.50000000       0.0000000    
  0.51999998       0.0000000    
  0.53999996       0.0000000    
  0.56000000       0.0000000    
  0.57999998       0.0000000    
  0.59999996       0.0000000    
  0.62000000       0.0000000    
  0.63999999       0.0000000    
  0.65999997       0.0000000    
  0.68000001       0.0000000    
  0.69999999       0.0000000    
  0.71999997       0.0000000    
  0.74000001       0.0000000    
  0.75999999       0.0000000    
  0.77999997       0.0000000    
  0.79999995       0.0000000    
  0.81999999       0.0000000    
  0.83999997       0.0000000    
  0.85999995       0.0000000    
  0.88000000       0.0000000    
  0.89999998       0.0000000    
  0.91999996       0.0000000    
  0.94000000       0.0000000    
  0.95999998       0.0000000    
  0.97999996       0.0000000    
   1.0000000       1.1637273    
   1.0200000       1.8489963    
   1.0400000       2.4806316    
   1.0599999       2.9161947    
   1.0799999       3.3898463    
   1.1000000       3.5362415    
   1.1200000       3.9214415    
   1.1400000       3.4183911    
   1.1600000       2.9538238    
   1.1799999       1.9929937    
   1.1999999       0.9984417    
   1.2200000       0.8527406    
   1.2400000      0.70757413    
   1.2600000      0.47611013    
   1.2800000      0.31662959    
   1.3000000      0.20973365    
   1.3199999      0.14107294    
   1.3399999      9.85256881E-02
   1.3600000      7.16596842E-02
   1.3800000      5.34814969E-02
   1.4000000      4.16834168E-02
   1.4200000      3.31657901E-02
   1.4399999      2.76416801E-02
   1.4599999      2.35450249E-02
   1.4800000      2.11636368E-02
   1.5000000      2.01196838E-02
   1.5200000      1.90344490E-02
   1.5400000      1.77212469E-02
   1.5599999      1.75564699E-02
   1.5799999      1.97085869E-02
   1.5999999      2.30335481E-02
   1.6200000      2.80967187E-02
   1.6400000      3.71076614E-02
   1.6600000      5.12818918E-02
   1.6799999      7.57102147E-02
   1.6999999      0.11827952    
   1.7199999      0.18989810    
   1.7400000      0.31051567    
   1.7600000      0.49464208    
   1.7800000      0.75234026    
   1.8000000       1.0831743    
   1.8199999       1.4652883    
   1.8399999       1.8427922    
   1.8600000       2.1496053    
   1.8800000       2.3363106    
   1.9000000       2.3767304    
   1.9200000       2.2782331    
   1.9399999       2.0647805    
   1.9599999       1.7930777    
   1.9799999       1.5008854    
   2.0000000       1.2521000    
   2.0200000       1.1094917    
   2.0400000       1.1084241    
   2.0599999       1.2239119    
   2.0799999       1.4087667    
   2.0999999       1.6091627    
   2.1199999       1.7800061    
   2.1399999       1.8987668    
   2.1599998       1.9504247    
   2.1800001       1.9319677    
   2.2000000       1.8573929    
   2.2200000       1.7316130    
   2.2400000       1.5711983    
   2.2600000       1.3825277    
   2.2800000       1.1805255    
   2.3000000      0.98043621    
   2.3199999      0.79310310    
   2.3399999      0.62952089    
   2.3599999      0.48902571    
   2.3799999      0.37617642    
   2.3999999      0.28505787    
   2.4199998      0.21727020    
   2.4400001      0.16620658    
   2.4600000      0.13001680    
   2.4800000      0.10262799    
   2.5000000      8.32483843E-02
   2.5200000      7.08063245E-02
   2.5400000      6.40307143E-02
   2.5599999      6.09978996E-02
   2.5799999      6.16080351E-02
   2.5999999      6.74749315E-02
   2.6199999      8.11598673E-02
   2.6399999      0.10653845    
   2.6599998      0.15109935    
   2.6799998      0.22168726    
   2.7000000      0.32842153    
   2.7200000      0.48058847    
   2.7400000      0.68865800    
   2.7600000      0.95331085    
   2.7800000       1.2643577    
   2.8000000       1.5887932    
   2.8199999       1.9014506    
   2.8399999       2.1647832    
   2.8599999       2.3432591    
   2.8799999       2.4263752    
   2.8999999       2.4123757    
   2.9199998       2.3132737    
   2.9399998       2.1510363    
   2.9600000       1.9496130    
   2.9800000       1.7342421    
   3.0000000       1.5199232    
   3.0200000       1.3252499    
   3.0400000       1.1595939    
   3.0599999       1.0370132    
   3.0799999      0.96036667    
   3.0999999      0.92009258    
   3.1199999      0.91161686    
   3.1399999      0.92389715    
   3.1599998      0.94345915    
   3.1799998      0.96317446    
   3.1999998      0.97515726    
   3.2200000      0.97950876    
   3.2400000      0.98505938    
   3.2600000      0.98388129    
   3.2800000      0.97523510    
   3.3000000      0.94916540    
   3.3199999      0.91650563    
   3.3399999      0.87168688    
   3.3599999      0.81615382    
   3.3799999      0.75121439    
   3.3999999      0.67631972    
   3.4199998      0.59499788    
   3.4399998      0.51845181    
   3.4600000      0.44651583    
   3.4800000      0.38296920    
   3.5000000      0.33198291    
   3.5200000      0.29560375    
   3.5400000      0.27500331    
   3.5599999      0.27164617    
   3.5799999      0.28550166    
   3.5999999      0.32028753    
   3.6199999      0.37764686    
   3.6399999      0.45834258    
   3.6599998      0.56121933    
   3.6799998      0.68702203    
   3.6999998      0.82762069    
   3.7200000      0.97877556    
   3.7400000       1.1313002    
   3.7600000       1.2857203    
   3.7800000       1.4307538    
   3.8000000       1.5645229    
   3.8199999       1.6771779    
   3.8399999       1.7694800    
   3.8599999       1.8280399    
   3.8799999       1.8586841    
   3.8999999       1.8585904    
   3.9199998       1.8296038    
   3.9399998       1.7736950    
   3.9599998       1.6946360    
   3.9800000       1.6050922    
   4.0000000       1.5056894    
   4.0200000       1.3944340    
   4.0400000       1.2784221    
   4.0599999       1.1684556    
   4.0799999       1.0734706    
   4.0999999      0.99130625    
   4.1199999      0.92075646    
   4.1399999      0.86719042    
   4.1599998      0.83048421    
   4.1799998      0.80019706    
   4.1999998      0.77336413    
   4.2199998      0.74678260    
   4.2399998      0.72037500    
   4.2599998      0.69270176    
   4.2799997      0.66819018    
   4.2999997      0.65035194    
   4.3199997      0.63572139    
   4.3399997      0.62654644    
   4.3600001      0.61867213    
   4.3800001      0.61765486    
   4.4000001      0.61650681    
   4.4200001      0.61566824    
   4.4400001      0.61340028    
   4.4600000      0.61311495    
   4.4800000      0.61382276    
   4.5000000      0.61782116    
   4.5200000      0.62801290    
   4.5400000      0.64809424    
   4.5599999      0.68244553    
   4.5799999      0.73249459    
   4.5999999      0.79703426    
   4.6199999      0.87542981    
   4.6399999      0.96308744    
   4.6599998       1.0536076    
   4.6799998       1.1454951    
   4.6999998       1.2256445    
   4.7199998       1.2885551    
   4.7399998       1.3361446    
   4.7599998       1.3720292    
   4.7799997       1.3933948    
   4.7999997       1.4005911    
   4.8199997       1.4021233    
   4.8399997       1.3979894    
   4.8599997       1.3867506    
   4.8800001       1.3735634    
   4.9000001       1.3620687    
   4.9200001       1.3511455    
   4.9400001       1.3445847    
   4.9600000       1.3340666    
   4.9800000       1.3189956    
   5.0000000       1.2917439    
   5.0200000       1.2528446    
   5.0400000       1.2059925    
   5.0599999       1.1490263    
   5.0799999       1.0896397    
   5.0999999       1.0265614    
   5.1199999      0.96537894    
   5.1399999      0.90769809    
   5.1599998      0.85430443    
   5.1799998      0.81133288    
   5.1999998      0.78399694    
   5.2199998      0.76003003    
   5.2399998      0.73656172    
   5.2599998      0.70950633    
   5.2799997      0.68146116    
   5.2999997      0.65227789    
   5.3199997      0.62122810    
   5.3399997      0.59530050    
   5.3599997      0.57696980    
   5.3800001      0.56772453    
   5.4000001      0.57102889    
   5.4200001      0.58483791    
   5.4400001      0.61016548    
   5.4600000      0.64671534    
   5.4800000      0.69571108    
   5.5000000      0.75618029    
   5.5200000      0.82446027    
   5.5400000      0.89860237    
   5.5599999      0.97897804    
   5.5799999       1.1004115    
   5.5999999       1.1800437    
   5.6199999       1.2332529    
   5.6399999       1.2785349
   5.66		   1.28
5.68	1.25
5.72	1.22
5.76	1.15
5.78	1.04
5.82	0.93
5.86	0.81
5.90	0.74
5.94	0.72
5.98	0.71
6.02	0.72
6.06	0.75
6.10	0.82
6.14	0.96
6.18	1.01
6.22	1.08
6.26	1.13
6.30	1.17
6.34	1.18
6.38	1.15
6.42	1.09
6.46	0.98
6.5	0.89
6.54	0.85
6.58	0.78
6.62	0.80
6.66	0.85
6.7	0.93
6.74	0.99
6.78	1.05
6.82	1.07	
6.86	1.08
6.9	1.06
6.94	1.01
6.98	0.95
7.00	0.91
	    
