  9.99999978E-03   0.0000000    
  1.99999996E-02   0.0000000    
  2.99999993E-02   0.0000000    
  3.99999991E-02   0.0000000    
  4.99999970E-02   0.0000000    
  5.99999987E-02   0.0000000    
  7.00000003E-02   0.0000000    
  7.99999982E-02   0.0000000    
  8.99999961E-02   0.0000000    
  9.99999940E-02   0.0000000    
  0.11000000       0.0000000    
  0.12000000       0.0000000    
  0.13000000       0.0000000    
  0.14000000       0.0000000    
  0.14999999       0.0000000    
  0.16000000       0.0000000    
  0.17000000       0.0000000    
  0.17999999       0.0000000    
  0.19000000       0.0000000    
  0.19999999       0.0000000    
  0.20999999       0.0000000    
  0.22000000       0.0000000    
  0.22999999       0.0000000    
  0.23999999       0.0000000    
  0.25000000       0.0000000    
  0.25999999       0.0000000    
  0.26999998       0.0000000    
  0.28000000       0.0000000    
  0.28999999       0.0000000    
  0.29999998       0.0000000    
  0.31000000       0.0000000    
  0.31999999       0.0000000    
  0.32999998       0.0000000    
  0.34000000       0.0000000    
  0.34999999       0.0000000    
  0.35999998       0.0000000    
  0.37000000       0.0000000    
  0.38000000       0.0000000    
  0.38999999       0.0000000    
  0.39999998       0.0000000    
  0.41000000       0.0000000    
  0.41999999       0.0000000    
  0.42999998       0.0000000    
  0.44000000       0.0000000    
  0.44999999       0.0000000    
  0.45999998       0.0000000    
  0.47000000       0.0000000    
  0.47999999       0.0000000    
  0.48999998       0.0000000    
  0.50000000       0.0000000    
  0.50999999       0.0000000    
  0.51999998       0.0000000    
  0.52999997       0.0000000    
  0.53999996       0.0000000    
  0.55000001       0.0000000    
  0.56000000       0.0000000    
  0.56999999       0.0000000    
  0.57999998       0.0000000    
  0.58999997       0.0000000    
  0.59999996       0.0000000    
  0.61000001       0.0000000    
  0.62000000       0.0000000    
  0.63000000       0.0000000    
  0.63999999       0.0000000    
  0.64999998       0.0000000    
  0.65999997       0.0000000    
  0.66999996       0.0000000    
  0.68000001       0.0000000    
  0.69000000       0.0000000    
  0.69999999       0.0000000    
  0.70999998       0.0000000    
  0.71999997       0.0000000    
  0.72999996       0.0000000    
  0.74000001       0.0000000    
  0.75000000       0.0000000    
  0.75999999       0.0000000    
  0.76999998       0.0000000    
  0.77999997       0.0000000    
  0.78999996       0.0000000    
  0.79999995       0.0000000    
  0.81000000       0.0000000    
  0.81999999       0.0000000    
  0.82999998       0.0000000    
  0.83999997       0.0000000    
  0.84999996       0.0000000    
  0.85999995       0.0000000    
  0.87000000       0.0000000    
  0.88000000       0.0000000    
  0.88999999       0.0000000    
  0.89999998       0.0000000    
  0.90999997       0.0000000    
  0.91999996       0.0000000    
  0.93000001       0.0000000    
  0.94000000       0.0000000    
  0.94999999       0.0000000    
  0.95999998       0.0000000    
  0.96999997       0.0000000    
  0.97999996       0.0000000    
  0.98999995       0.0000000    
   1.0000000      4.97004651E-02
   1.0100000      0.12770557    
   1.0200000      0.24631153    
   1.0300000      0.41219515    
   1.0400000      0.63418096    
   1.0500000      0.87280196    
   1.0599999       1.1518364    
   1.0699999       1.4536861    
   1.0799999       1.7694091    
   1.0900000       2.0851288    
   1.1000000       2.3882968    
   1.1100000       2.6637032    
   1.1200000       2.9073489    
   1.1300000       3.1130488    
   1.1400000       3.2735212    
   1.1500000       3.3907480    
   1.1600000       3.4547362    
   1.1700000       3.4816630    
   1.1799999       3.4695194    
   1.1899999       3.4271379    
   1.1999999       3.3561296    
   1.2099999       3.2709703    
   1.2200000       3.1648278    
   1.2300000       3.0412402    
   1.2400000       2.9114127    
   1.2500000       2.7726240    
   1.2600000       2.6291614    
   1.2700000       2.4851549    
   1.2800000       2.3520286    
   1.2900000       2.2095759    
   1.3000000       2.0731399    
   1.3099999       1.9511319    
   1.3199999       1.8293357    
   1.3299999       1.7091498    
   1.3399999       1.6036185    
   1.3500000       1.5021302    
   1.3600000       1.4010121    
   1.3700000       1.3092574    
   1.3800000       1.2225821    
   1.3900000       1.1388010    
   1.4000000       1.0619267    
   1.4100000      0.99043953    
   1.4200000      0.92233735    
   1.4299999      0.85944515    
   1.4399999      0.80300790    
   1.4499999      0.75039339    
   1.4599999      0.70182449    
   1.4699999      0.65833408    
   1.4800000      0.62059677    
   1.4900000      0.58708441    
   1.5000000      0.55434549    
   1.5100000      0.52408248    
   1.5200000      0.49742252    
   1.5300000      0.46945250    
   1.5400000      0.44491971    
   1.5500000      0.42312238    
   1.5599999      0.40217143    
   1.5699999      0.38393754    
   1.5799999      0.36878857    
   1.5899999      0.35411108    
   1.5999999      0.34178600    
   1.6100000      0.32905230    
   1.6200000      0.31840229    
   1.6300000      0.30963266    
   1.6400000      0.30053756    
   1.6500000      0.29287696    
   1.6600000      0.28752506    
   1.6700000      0.28149536    
   1.6799999      0.27620757    
   1.6899999      0.27421683    
   1.6999999      0.27188513    
   1.7099999      0.27214804    
   1.7199999      0.27314821    
   1.7300000      0.27629095    
   1.7400000      0.27882615    
   1.7500000      0.28497842    
   1.7600000      0.29101312    
   1.7700000      0.29669461    
   1.7800000      0.30198896    
   1.7900000      0.30907783    
   1.8000000      0.31683800    
   1.8099999      0.32637072    
   1.8199999      0.33973148    
   1.8299999      0.35529295    
   1.8399999      0.37224180    
   1.8499999      0.39061514    
   1.8600000      0.41073292    
   1.8700000      0.43191156    
   1.8800000      0.45423168    
   1.8900000      0.47828087    
   1.9000000      0.50589395    
   1.9100000      0.53505331    
   1.9200000      0.56524479    
   1.9299999      0.59711665    
   1.9399999      0.63098001    
   1.9499999      0.66375899    
   1.9599999      0.69724929    
   1.9699999      0.73321992    
   1.9799999      0.77154917    
   1.9900000      0.80839992    
   2.0000000      0.84867024    
   2.0100000      0.89044243    
   2.0200000      0.93162727    
   2.0300000      0.97291028    
   2.0400000       1.0159183    
   2.0500000       1.0538849    
   2.0599999       1.0904878    
   2.0699999       1.1292326    
   2.0799999       1.1650655    
   2.0899999       1.1989255    
   2.0999999       1.2370930    
   2.1099999       1.2746258    
   2.1199999       1.3072778    
   2.1299999       1.3440405    
   2.1399999       1.3798848    
   2.1499999       1.4118425    
   2.1599998       1.4417841    
   2.1699998       1.4733213    
   2.1800001       1.4974827    
   2.1900001       1.5258956    
   2.2000000       1.5524858    
   2.2100000       1.5756317    
   2.2200000       1.5965068    
   2.2300000       1.6178123    
   2.2400000       1.6314231    
   2.2500000       1.6403302    
   2.2600000       1.6517444    
   2.2700000       1.6597666    
   2.2800000       1.6651978    
   2.2900000       1.6663542    
   2.3000000       1.6685199    
   2.3099999       1.6653190    
   2.3199999       1.6587888    
   2.3299999       1.6514604    
   2.3399999       1.6386539    
   2.3499999       1.6232835    
   2.3599999       1.6029881    
   2.3699999       1.5821539    
   2.3799999       1.5517309    
   2.3899999       1.5258482    
   2.3999999       1.4961902    
   2.4099998       1.4654765    
   2.4199998       1.4324831    
   2.4299998       1.3991638    
   2.4400001       1.3656096    
   2.4500000       1.3312411    
   2.4600000       1.2975062    
   2.4700000       1.2632203    
   2.4800000       1.2319241    
   2.4900000       1.1962464    
   2.5000000       1.1642389    
   2.5100000       1.1303464    
   2.5200000       1.0975361    
   2.5300000       1.0645313    
   2.5400000       1.0325217    
   2.5500000      0.99844056    
   2.5599999      0.96783394    
   2.5699999      0.93772775    
   2.5799999      0.90941972    
   2.5899999      0.88161600    
   2.5999999      0.85273653    
   2.6099999      0.82625431    
   2.6199999      0.79968113    
   2.6299999      0.77294898    
   2.6399999      0.74779588    
   2.6499999      0.72485453    
   2.6599998      0.70137137    
   2.6699998      0.67862600    
   2.6799998      0.65804321    
   2.6900001      0.63911921    
   2.7000000      0.62151539    
   2.7100000      0.60556328    
   2.7200000      0.59050405    
   2.7300000      0.57739317    
   2.7400000      0.56663942    
   2.7500000      0.55686742    
   2.7600000      0.54625082    
   2.7700000      0.53845549    
   2.7800000      0.53053039    
   2.7900000      0.52476752    
   2.8000000      0.51949120    
   2.8099999      0.51642776    
   2.8199999      0.51436377    
   2.8299999      0.51324809    
   2.8399999      0.51242059    
   2.8499999      0.51517302    
   2.8599999      0.51917112    
   2.8699999      0.52297437    
   2.8799999      0.52895051    
   2.8899999      0.53471315    
   2.8999999      0.54285097    
   2.9099998      0.55378044    
   2.9199998      0.56609547    
   2.9299998      0.57983261    
   2.9399998      0.59855396    
   2.9500000      0.61438519    
   2.9600000      0.63158447    
   2.9700000      0.65142471    
   2.9800000      0.67094326    
   2.9900000      0.69063979    
   3.0000000      0.71424305    
   3.0100000      0.73697484    
   3.0200000      0.76173317    
   3.0300000      0.78912133    
   3.0400000      0.81740987    
   3.0500000      0.84462929    
   3.0599999      0.87560958    
   3.0699999      0.90649736    
   3.0799999      0.93796247    
   3.0899999      0.96932817    
   3.0999999       1.0009199    
   3.1099999       1.0301993    
   3.1199999       1.0586967    
   3.1299999       1.0882983    
   3.1399999       1.1162838    
   3.1499999       1.1458832    
   3.1599998       1.1734381    
   3.1699998       1.1995715    
   3.1799998       1.2237879    
   3.1899998       1.2443836    
   3.1999998       1.2663856    
   3.2100000       1.2875866    
   3.2200000       1.3037572    
   3.2300000       1.3191425    
   3.2400000       1.3352396    
   3.2500000       1.3444327    
   3.2600000       1.3528353    
   3.2700000       1.3622404    
   3.2800000       1.3695973    
   3.2900000       1.3730086    
   3.3000000       1.3767284    
   3.3099999       1.3796821    
   3.3199999       1.3803047    
   3.3299999       1.3786721    
   3.3399999       1.3789732    
   3.3499999       1.3772084    
   3.3599999       1.3707963    
   3.3699999       1.3645443    
   3.3799999       1.3577982    
   3.3899999       1.3498411    
   3.3999999       1.3373388    
   3.4099998       1.3289040    
   3.4199998       1.3183584    
   3.4299998       1.3060346    
   3.4399998       1.2925681    
   3.4499998       1.2819258    
   3.4600000       1.2664033    
   3.4700000       1.2529898    
   3.4800000       1.2383190    
   3.4900000       1.2240222    
   3.5000000       1.2078165    
   3.5100000       1.1934462    
   3.5200000       1.1776572    
   3.5300000       1.1615359    
   3.5400000       1.1439872    
   3.5500000       1.1280490    
   3.5599999       1.1102390    
   3.5699999       1.0948102    
   3.5799999       1.0792127    
   3.5899999       1.0637902    
   3.5999999       1.0480069    
   3.6099999       1.0337039    
   3.6199999       1.0175078    
   3.6299999       1.0003613    
   3.6399999      0.98457360    
   3.6499999      0.96855289    
   3.6599998      0.95336938    
   3.6699998      0.93799913    
   3.6799998      0.92472976    
   3.6899998      0.90948838    
   3.6999998      0.89626569    
   3.7099998      0.88243133    
   3.7200000      0.86675811    
   3.7300000      0.85310256    
   3.7400000      0.84014261    
   3.7500000      0.82653373    
   3.7600000      0.81325579    
   3.7700000      0.80090725    
   3.7800000      0.78758603    
   3.7900000      0.77708435    
   3.8000000      0.76685441    
   3.8099999      0.76006746    
   3.8199999      0.75337601    
   3.8299999      0.74691409    
   3.8399999      0.73998564    
   3.8499999      0.73505151    
   3.8599999      0.72808039    
   3.8699999      0.72293389    
   3.8799999      0.71924728    
   3.8899999      0.71687227    
   3.8999999      0.71382582    
   3.9099998      0.71348459    
   3.9199998      0.71383685    
   3.9299998      0.71341640    
   3.9399998      0.71351397    
   3.9499998      0.71468312    
   3.9599998      0.71520126    
   3.9700000      0.71892524    
   3.9800000      0.72421128    
   3.9900000      0.72943276    
   4.0000000      0.73555297    
   4.0099998      0.74176860    
   4.0200000      0.74898362    
   4.0299997      0.75990862    
   4.0400000      0.77095211    
   4.0499997      0.78173071    
   4.0599999      0.79463387    
   4.0699997      0.80616868    
   4.0799999      0.81697530    
   4.0899997      0.82976967    
   4.0999999      0.84433538    
   4.1100001      0.85976398    
   4.1199999      0.87546647    
   4.1300001      0.89186954    
   4.1399999      0.90844440    
   4.1500001      0.92536891    
   4.1599998      0.94017947    
   4.1700001      0.95742738    
   4.1799998      0.97361755    
   4.1900001      0.98885423    
   4.1999998       1.0077509    
   4.2100000       1.0265816    
   4.2199998       1.0437355    
   4.2300000       1.0641967    
   4.2399998       1.0855752    
   4.2500000       1.1017277    
   4.2599998       1.1192691    
   4.2700000       1.1382660    
   4.2799997       1.1547422    
   4.2900000       1.1687721    
   4.2999997       1.1853145    
   4.3099999       1.1987590    
   4.3199997       1.2119707    
   4.3299999       1.2221202    
   4.3399997       1.2307819    
   4.3499999       1.2358475    
   4.3600001       1.2427156    
   4.3699999       1.2463236    
   4.3800001       1.2493778    
   4.3899999       1.2531614    
   4.4000001       1.2563183    
   4.4099998       1.2566673    
   4.4200001       1.2550818    
   4.4299998       1.2539102    
   4.4400001       1.2515528    
   4.4499998       1.2488641    
   4.4600000       1.2462912    
   4.4699998       1.2432089    
   4.4800000       1.2369287    
   4.4899998       1.2291197    
   4.5000000       1.2198496    
   4.5099998       1.2097422    
   4.5200000       1.1997702    
   4.5299997       1.1897217    
   4.5400000       1.1790993    
   4.5499997       1.1692100    
   4.5599999       1.1574638    
   4.5699997       1.1465750    
   4.5799999       1.1342928    
   4.5899997       1.1236320    
   4.5999999       1.1117667    
   4.6100001       1.0990014    
   4.6199999       1.0858493    
   4.6300001       1.0742859    
   4.6399999       1.0629678    
   4.6500001       1.0500884    
   4.6599998       1.0385518    
   4.6700001       1.0277514    
   4.6799998       1.0156801    
   4.6900001       1.0031906    
   4.6999998      0.99293715    
   4.7100000      0.98449284    
   4.7199998      0.97327220    
   4.7300000      0.96386343    
   4.7399998      0.95352602    
   4.7500000      0.94340706    
   4.7599998      0.93155855    
   4.7700000      0.92299384    
   4.7799997      0.91328061    
   4.7900000      0.90431863    
   4.7999997      0.89641255    
   4.8099999      0.88998103    
   4.8199997      0.88207793    
   4.8299999      0.87627244    
   4.8399997      0.87044078    
   4.8499999      0.86486733    
   4.8599997      0.85909188    
   4.8699999      0.85297465    
   4.8800001      0.84761751    
   4.8899999      0.84311175    
   4.9000001      0.83845991    
   4.9099998      0.83587861    
   4.9200001      0.83550924    
   4.9299998      0.83496189    
   4.9400001      0.83423758    
   4.9499998      0.83168423    
   4.9600000      0.83060330    
   4.9699998      0.82911402    
   4.9800000      0.82796663    
   4.9899998      0.82781786    
   5.0000000      0.82866365    
   5.0099998      0.82753420    
   5.0200000      0.82826501    
   5.0299997      0.82779181    
   5.0400000      0.82812768    
   5.0499997      0.83120984    
   5.0599999      0.83435726    
   5.0699997      0.83705157    
   5.0799999      0.84129286    
   5.0899997      0.84678811    
   5.0999999      0.85085678    
   5.1099997      0.85514861    
   5.1199999      0.86082208    
   5.1300001      0.86586744    
   5.1399999      0.87048072    
   5.1500001      0.87630415    
   5.1599998      0.88334501    
   5.1700001      0.89017510    
   5.1799998      0.89998519    
   5.1900001      0.90858859    
   5.1999998      0.91868657    
   5.2100000      0.92866957    
   5.2199998      0.93942666    
   5.2300000      0.94879961    
   5.2399998      0.96023887    
   5.2500000      0.97023785    
   5.2599998      0.98204637    
   5.2700000      0.99428678    
   5.2799997       1.0053869    
   5.2900000       1.0163248    
   5.2999997       1.0276104    
   5.3099999       1.0387737    
   5.3199997       1.0479202    
   5.3299999       1.0568788    
   5.3399997       1.0672740    
   5.3499999       1.0769954    
   5.3599997       1.0867490    
   5.3699999       1.0951138    
   5.3800001       1.1064658    
   5.3899999       1.1130830    
   5.4000001       1.1202308    
   5.4099998       1.1262412    
   5.4200001       1.1328572    
   5.4299998       1.1366884    
   5.4400001       1.1436045    
   5.4499998       1.1494002    
   5.4600000       1.1528932    
   5.4699998       1.1577379    
   5.4800000       1.1603849    
   5.4899998       1.1633370    
   5.5000000       1.1652201    
   5.5099998       1.1658356    
   5.5200000       1.1656225    
   5.5299997       1.1665105    
   5.5400000       1.1646065    
   5.5499997       1.1621879    
   5.5599999       1.1612593    
   5.5699997       1.1565834    
   5.5799999       1.1504991    
   5.5899997       1.1435959    
   5.5999999       1.1368418    
   5.6099997       1.1292198    
   5.6199999       1.1228135    
   5.6299996       1.1157749    
   5.6399999       1.1092205    
   5.6500001       1.1020536    
   5.6599998       1.0949570    
   5.6700001       1.0860416    
   5.6799998       1.0784299    
   5.6900001       1.0688610    
   5.6999998       1.0584384    
   5.7100000       1.0480551    
   5.7199998       1.0405796    
   5.7300000       1.0318762    
   5.7399998       1.0237724    
   5.7500000       1.0172641    
   5.7599998       1.0093553    
   5.7700000       1.0022817    
   5.7799997      0.99506325    
   5.7900000      0.98787409    
   5.7999997      0.97988659    
   5.8099999      0.97479355    
   5.8199997      0.96689743    
   5.8299999      0.96031404    
   5.8399997      0.95466846    
   5.8499999      0.94998640    
   5.8599997      0.94282573    
   5.8699999      0.93821436    
   5.8799996      0.93289745    
   5.8899999      0.92719954    
   5.9000001      0.92199588    
   5.9099998      0.91605419    
   5.9200001      0.91014326    
   5.9299998      0.90727878    
   5.9400001      0.90423054    
   5.9499998      0.90120775    
   5.9600000      0.89940792    
   5.9699998      0.89804739    
   5.9800000      0.89459515    
   5.9899998      0.89263576    
   6.0000000      0.89013767    
   6.0099998      0.88878709    
   6.0200000      0.88715374    
   6.0299997      0.88606572    
   6.0400000      0.88537651    
   6.0499997      0.88465255    
   6.0599999      0.88392138    
   6.0699997      0.88363242    
   6.0799999      0.88546228    
   6.0899997      0.88783860    
   6.0999999      0.88984060    
   6.1099997      0.89262062    
   6.1199999      0.89448333    
   6.1299996      0.89556718    
   6.1399999      0.89589900    
   6.1500001      0.89892513    
   6.1599998      0.90160108    
   6.1700001      0.90341341    
   6.1799998      0.90628070    
   6.1900001      0.90913028    
   6.1999998      0.91235679    
   6.2100000      0.91482931    
   6.2199998      0.92033833    
   6.2300000      0.92315024    
   6.2399998      0.92767709    
   6.2500000      0.93108910    
   6.2599998      0.93509394    
   6.2700000      0.93827522    
   6.2799997      0.94443035    
   6.2900000      0.95034200    
   6.2999997      0.95503861    
   6.3099999      0.96093392    
   6.3199997      0.96682113    
   6.3299999      0.97280002    
   6.3399997      0.97838372    
   6.3499999      0.98563832    
   6.3599997      0.99219012    
   6.3699999      0.99933463    
   6.3799996       1.0065590    
   6.3899999       1.0140784    
   6.3999996       1.0203817    
   6.4099998       1.0281762    
   6.4200001       1.0357443    
   6.4299998       1.0410830    
   6.4400001       1.0474271    
   6.4499998       1.0550135    
   6.4600000       1.0627881    
   6.4699998       1.0688241    
   6.4800000       1.0760878    
   6.4899998       1.0809442    
   6.5000000       1.0857087    
   6.5099998       1.0888145    
   6.5200000       1.0907910    
   6.5299997       1.0936216    
   6.5400000       1.0965637    
   6.5499997       1.1008540    
   6.5599999       1.1034135    
   6.5699997       1.1068660    
   6.5799999       1.1093364    
   6.5899997       1.1124710    
   6.5999999       1.1114120    
   6.6099997       1.1117613    
   6.6199999       1.1105136    
   6.6299996       1.1080509    
   6.6399999       1.1046052    
   6.6499996       1.1021529    
   6.6599998       1.1010160    
   6.6700001       1.0978929    
   6.6799998       1.0942482    
   6.6900001       1.0900711    
   6.6999998       1.0859687    
   6.7100000       1.0802015    
   6.7199998       1.0755876    
   6.7300000       1.0706031    
   6.7399998       1.0651329    
   6.7500000       1.0599399    
   6.7599998       1.0528693    
   6.7700000       1.0469223    
   6.7799997       1.0416592    
   6.7900000       1.0350128    
   6.7999997       1.0282032    
   6.8099999       1.0241719    
   6.8199997       1.0202612    
   6.8299999       1.0160923    
   6.8399997       1.0130943    
   6.8499999       1.0084662    
   6.8599997       1.0038419    
   6.8699999      0.99923211    
   6.8799996      0.99574113    
   6.8899999      0.99043977    
   6.8999996      0.98657441    
   6.9099998      0.98128408    
   6.9200001      0.97713184    
   6.9299998      0.97145021    
   6.9400001      0.96893942    
   6.9499998      0.96553755    
   6.9600000      0.96120876    
   6.9699998      0.95820951    
   6.9800000      0.95564371    
