0.5 0.5
1.53571 0.5
2.57143 0.5
3.60714 0.5
4.64286 0.5
5.67857 0.5
6.71429 0.5
7.75 0.5
8.78571 0.5
9.82143 0.5
10.8571 0.5
11.8929 0.5
12.9286 0.5
13.9643 0.5
15 0.5
16.0357 0.5
17.0714 0.5
18.1071 0.5
19.1429 0.5
20.1786 0.5
21.2143 0.5
22.25 0.5
23.2857 0.5
24.3214 0.5
25.3571 0.5
26.3929 0.5
27.4286 0.5
28.4643 0.5
29.5 0.5
30.5357 0.5
31.5714 0.5
32.6071 0.5
33.6429 0.5
34.6786 0.5
35.7143 0.5
36.75 0.5
37.7857 0.5
38.8214 0.5
0.5 1.53571
1.53571 1.53571
2.57143 1.53571
3.60714 1.53571
4.64286 1.53571
5.67857 1.53571
6.71429 1.53571
7.75 1.53571
8.78571 1.53571
9.82143 1.53571
10.8571 1.53571
11.8929 1.53571
12.9286 1.53571
13.9643 1.53571
15 1.53571
16.0357 1.53571
17.0714 1.53571
18.1071 1.53571
19.1429 1.53571
20.1786 1.53571
21.2143 1.53571
22.25 1.53571
23.2857 1.53571
24.3214 1.53571
25.3571 1.53571
26.3929 1.53571
27.4286 1.53571
28.4643 1.53571
29.5 1.53571
30.5357 1.53571
31.5714 1.53571
32.6071 1.53571
33.6429 1.53571
34.6786 1.53571
35.7143 1.53571
36.75 1.53571
37.7857 1.53571
38.8214 1.53571
0.5 2.57143
1.53571 2.57143
2.57143 2.57143
3.60714 2.57143
4.64286 2.57143
5.67857 2.57143
6.71429 2.57143
7.75 2.57143
8.78571 2.57143
9.82143 2.57143
10.8571 2.57143
11.8929 2.57143
12.9286 2.57143
13.9643 2.57143
15 2.57143
16.0357 2.57143
17.0714 2.57143
18.1071 2.57143
19.1429 2.57143
20.1786 2.57143
21.2143 2.57143
22.25 2.57143
23.2857 2.57143
24.3214 2.57143
25.3571 2.57143
26.3929 2.57143
27.4286 2.57143
28.4643 2.57143
29.5 2.57143
30.5357 2.57143
31.5714 2.57143
32.6071 2.57143
33.6429 2.57143
34.6786 2.57143
35.7143 2.57143
36.75 2.57143
37.7857 2.57143
38.8214 2.57143
0.5 3.60714
1.53571 3.60714
2.57143 3.60714
3.60714 3.60714
4.64286 3.60714
5.67857 3.60714
6.71429 3.60714
7.75 3.60714
8.78571 3.60714
9.82143 3.60714
10.8571 3.60714
11.8929 3.60714
12.9286 3.60714
13.9643 3.60714
15 3.60714
16.0357 3.60714
17.0714 3.60714
18.1071 3.60714
19.1429 3.60714
20.1786 3.60714
21.2143 3.60714
22.25 3.60714
23.2857 3.60714
24.3214 3.60714
25.3571 3.60714
26.3929 3.60714
27.4286 3.60714
28.4643 3.60714
29.5 3.60714
30.5357 3.60714
31.5714 3.60714
32.6071 3.60714
33.6429 3.60714
34.6786 3.60714
35.7143 3.60714
36.75 3.60714
37.7857 3.60714
38.8214 3.60714
0.5 4.64286
1.53571 4.64286
2.57143 4.64286
3.60714 4.64286
4.64286 4.64286
5.67857 4.64286
6.71429 4.64286
7.75 4.64286
8.78571 4.64286
9.82143 4.64286
10.8571 4.64286
11.8929 4.64286
12.9286 4.64286
13.9643 4.64286
15 4.64286
16.0357 4.64286
17.0714 4.64286
18.1071 4.64286
19.1429 4.64286
20.1786 4.64286
21.2143 4.64286
22.25 4.64286
23.2857 4.64286
24.3214 4.64286
25.3571 4.64286
26.3929 4.64286
27.4286 4.64286
28.4643 4.64286
29.5 4.64286
30.5357 4.64286
31.5714 4.64286
32.6071 4.64286
33.6429 4.64286
34.6786 4.64286
35.7143 4.64286
36.75 4.64286
37.7857 4.64286
38.8214 4.64286
0.5 5.67857
1.53571 5.67857
2.57143 5.67857
3.60714 5.67857
4.64286 5.67857
5.67857 5.67857
6.71429 5.67857
7.75 5.67857
8.78571 5.67857
9.82143 5.67857
10.8571 5.67857
11.8929 5.67857
12.9286 5.67857
13.9643 5.67857
15 5.67857
16.0357 5.67857
17.0714 5.67857
18.1071 5.67857
19.1429 5.67857
20.1786 5.67857
21.2143 5.67857
22.25 5.67857
23.2857 5.67857
24.3214 5.67857
25.3571 5.67857
26.3929 5.67857
27.4286 5.67857
28.4643 5.67857
29.5 5.67857
30.5357 5.67857
31.5714 5.67857
32.6071 5.67857
33.6429 5.67857
34.6786 5.67857
35.7143 5.67857
36.75 5.67857
37.7857 5.67857
38.8214 5.67857
0.5 6.71429
1.53571 6.71429
2.57143 6.71429
3.60714 6.71429
4.64286 6.71429
5.67857 6.71429
6.71429 6.71429
7.75 6.71429
8.78571 6.71429
9.82143 6.71429
10.8571 6.71429
11.8929 6.71429
12.9286 6.71429
13.9643 6.71429
15 6.71429
16.0357 6.71429
17.0714 6.71429
18.1071 6.71429
19.1429 6.71429
20.1786 6.71429
21.2143 6.71429
22.25 6.71429
23.2857 6.71429
24.3214 6.71429
25.3571 6.71429
26.3929 6.71429
27.4286 6.71429
28.4643 6.71429
29.5 6.71429
30.5357 6.71429
31.5714 6.71429
32.6071 6.71429
33.6429 6.71429
34.6786 6.71429
35.7143 6.71429
36.75 6.71429
37.7857 6.71429
38.8214 6.71429
0.5 7.75
1.53571 7.75
2.57143 7.75
3.60714 7.75
4.64286 7.75
5.67857 7.75
6.71429 7.75
7.75 7.75
8.78571 7.75
9.82143 7.75
10.8571 7.75
11.8929 7.75
12.9286 7.75
13.9643 7.75
15 7.75
16.0357 7.75
17.0714 7.75
18.1071 7.75
19.1429 7.75
20.1786 7.75
21.2143 7.75
22.25 7.75
23.2857 7.75
24.3214 7.75
25.3571 7.75
26.3929 7.75
27.4286 7.75
28.4643 7.75
29.5 7.75
30.5357 7.75
31.5714 7.75
32.6071 7.75
33.6429 7.75
34.6786 7.75
35.7143 7.75
36.75 7.75
37.7857 7.75
38.8214 7.75
0.5 8.78571
1.53571 8.78571
2.57143 8.78571
3.60714 8.78571
4.64286 8.78571
5.67857 8.78571
6.71429 8.78571
7.75 8.78571
8.78571 8.78571
9.82143 8.78571
10.8571 8.78571
11.8929 8.78571
12.9286 8.78571
13.9643 8.78571
15 8.78571
16.0357 8.78571
17.0714 8.78571
18.1071 8.78571
19.1429 8.78571
20.1786 8.78571
21.2143 8.78571
22.25 8.78571
23.2857 8.78571
24.3214 8.78571
25.3571 8.78571
26.3929 8.78571
27.4286 8.78571
28.4643 8.78571
29.5 8.78571
30.5357 8.78571
31.5714 8.78571
32.6071 8.78571
33.6429 8.78571
34.6786 8.78571
35.7143 8.78571
36.75 8.78571
37.7857 8.78571
38.8214 8.78571
0.5 9.82143
1.53571 9.82143
2.57143 9.82143
3.60714 9.82143
4.64286 9.82143
5.67857 9.82143
6.71429 9.82143
7.75 9.82143
8.78571 9.82143
9.82143 9.82143
10.8571 9.82143
11.8929 9.82143
12.9286 9.82143
13.9643 9.82143
15 9.82143
16.0357 9.82143
17.0714 9.82143
18.1071 9.82143
19.1429 9.82143
20.1786 9.82143
21.2143 9.82143
22.25 9.82143
23.2857 9.82143
24.3214 9.82143
25.3571 9.82143
26.3929 9.82143
27.4286 9.82143
28.4643 9.82143
29.5 9.82143
30.5357 9.82143
31.5714 9.82143
32.6071 9.82143
33.6429 9.82143
34.6786 9.82143
35.7143 9.82143
36.75 9.82143
37.7857 9.82143
38.8214 9.82143
0.5 10.8571
1.53571 10.8571
2.57143 10.8571
3.60714 10.8571
4.64286 10.8571
5.67857 10.8571
6.71429 10.8571
7.75 10.8571
8.78571 10.8571
9.82143 10.8571
10.8571 10.8571
11.8929 10.8571
12.9286 10.8571
13.9643 10.8571
15 10.8571
16.0357 10.8571
17.0714 10.8571
18.1071 10.8571
19.1429 10.8571
20.1786 10.8571
21.2143 10.8571
22.25 10.8571
23.2857 10.8571
24.3214 10.8571
25.3571 10.8571
26.3929 10.8571
27.4286 10.8571
28.4643 10.8571
29.5 10.8571
30.5357 10.8571
31.5714 10.8571
32.6071 10.8571
33.6429 10.8571
34.6786 10.8571
35.7143 10.8571
36.75 10.8571
37.7857 10.8571
38.8214 10.8571
0.5 11.8929
1.53571 11.8929
2.57143 11.8929
3.60714 11.8929
4.64286 11.8929
5.67857 11.8929
6.71429 11.8929
7.75 11.8929
8.78571 11.8929
9.82143 11.8929
10.8571 11.8929
11.8929 11.8929
12.9286 11.8929
13.9643 11.8929
15 11.8929
16.0357 11.8929
17.0714 11.8929
18.1071 11.8929
19.1429 11.8929
20.1786 11.8929
21.2143 11.8929
22.25 11.8929
23.2857 11.8929
24.3214 11.8929
25.3571 11.8929
26.3929 11.8929
27.4286 11.8929
28.4643 11.8929
29.5 11.8929
30.5357 11.8929
31.5714 11.8929
32.6071 11.8929
33.6429 11.8929
34.6786 11.8929
35.7143 11.8929
36.75 11.8929
37.7857 11.8929
38.8214 11.8929
0.5 12.9286
1.53571 12.9286
2.57143 12.9286
3.60714 12.9286
4.64286 12.9286
5.67857 12.9286
6.71429 12.9286
7.75 12.9286
8.78571 12.9286
9.82143 12.9286
10.8571 12.9286
11.8929 12.9286
12.9286 12.9286
13.9643 12.9286
15 12.9286
16.0357 12.9286
17.0714 12.9286
18.1071 12.9286
19.1429 12.9286
20.1786 12.9286
21.2143 12.9286
22.25 12.9286
23.2857 12.9286
24.3214 12.9286
25.3571 12.9286
26.3929 12.9286
27.4286 12.9286
28.4643 12.9286
29.5 12.9286
30.5357 12.9286
31.5714 12.9286
32.6071 12.9286
33.6429 12.9286
34.6786 12.9286
35.7143 12.9286
36.75 12.9286
37.7857 12.9286
38.8214 12.9286
0.5 13.9643
1.53571 13.9643
2.57143 13.9643
3.60714 13.9643
4.64286 13.9643
5.67857 13.9643
6.71429 13.9643
7.75 13.9643
8.78571 13.9643
9.82143 13.9643
10.8571 13.9643
11.8929 13.9643
12.9286 13.9643
13.9643 13.9643
15 13.9643
16.0357 13.9643
17.0714 13.9643
18.1071 13.9643
19.1429 13.9643
20.1786 13.9643
21.2143 13.9643
22.25 13.9643
23.2857 13.9643
24.3214 13.9643
25.3571 13.9643
26.3929 13.9643
27.4286 13.9643
28.4643 13.9643
29.5 13.9643
30.5357 13.9643
31.5714 13.9643
32.6071 13.9643
33.6429 13.9643
34.6786 13.9643
35.7143 13.9643
36.75 13.9643
37.7857 13.9643
38.8214 13.9643
0.5 15
1.53571 15
2.57143 15
3.60714 15
4.64286 15
5.67857 15
6.71429 15
7.75 15
8.78571 15
9.82143 15
10.8571 15
11.8929 15
12.9286 15
13.9643 15
15 15
16.0357 15
17.0714 15
18.1071 15
19.1429 15
20.1786 15
21.2143 15
22.25 15
23.2857 15
24.3214 15
25.3571 15
26.3929 15
27.4286 15
39.5 39.5
38.4643 39.5
37.4286 39.5
36.3929 39.5
35.3571 39.5
34.3214 39.5
33.2857 39.5
32.25 39.5
31.2143 39.5
30.1786 39.5
29.1429 39.5
28.1071 39.5
27.0714 39.5
26.0357 39.5
25 39.5
23.9643 39.5
22.9286 39.5
21.8929 39.5
20.8571 39.5
19.8214 39.5
18.7857 39.5
17.75 39.5
16.7143 39.5
15.6786 39.5
14.6429 39.5
13.6071 39.5
12.5714 39.5
11.5357 39.5
10.5 39.5
9.46429 39.5
8.42857 39.5
7.39286 39.5
6.35714 39.5
5.32143 39.5
4.28571 39.5
3.25 39.5
2.21429 39.5
1.17857 39.5
39.5 38.4643
38.4643 38.4643
37.4286 38.4643
36.3929 38.4643
35.3571 38.4643
34.3214 38.4643
33.2857 38.4643
32.25 38.4643
31.2143 38.4643
30.1786 38.4643
29.1429 38.4643
28.1071 38.4643
27.0714 38.4643
26.0357 38.4643
25 38.4643
23.9643 38.4643
22.9286 38.4643
21.8929 38.4643
20.8571 38.4643
19.8214 38.4643
18.7857 38.4643
17.75 38.4643
16.7143 38.4643
15.6786 38.4643
14.6429 38.4643
13.6071 38.4643
12.5714 38.4643
11.5357 38.4643
10.5 38.4643
9.46429 38.4643
8.42857 38.4643
7.39286 38.4643
6.35714 38.4643
5.32143 38.4643
4.28571 38.4643
3.25 38.4643
2.21429 38.4643
1.17857 38.4643
39.5 37.4286
38.4643 37.4286
37.4286 37.4286
36.3929 37.4286
35.3571 37.4286
34.3214 37.4286
33.2857 37.4286
32.25 37.4286
31.2143 37.4286
30.1786 37.4286
29.1429 37.4286
28.1071 37.4286
27.0714 37.4286
26.0357 37.4286
25 37.4286
23.9643 37.4286
22.9286 37.4286
21.8929 37.4286
20.8571 37.4286
19.8214 37.4286
18.7857 37.4286
17.75 37.4286
16.7143 37.4286
15.6786 37.4286
14.6429 37.4286
13.6071 37.4286
12.5714 37.4286
11.5357 37.4286
10.5 37.4286
9.46429 37.4286
8.42857 37.4286
7.39286 37.4286
6.35714 37.4286
5.32143 37.4286
4.28571 37.4286
3.25 37.4286
2.21429 37.4286
1.17857 37.4286
39.5 36.3929
38.4643 36.3929
37.4286 36.3929
36.3929 36.3929
35.3571 36.3929
34.3214 36.3929
33.2857 36.3929
32.25 36.3929
31.2143 36.3929
30.1786 36.3929
29.1429 36.3929
28.1071 36.3929
27.0714 36.3929
26.0357 36.3929
25 36.3929
23.9643 36.3929
22.9286 36.3929
21.8929 36.3929
20.8571 36.3929
19.8214 36.3929
18.7857 36.3929
17.75 36.3929
16.7143 36.3929
15.6786 36.3929
14.6429 36.3929
13.6071 36.3929
12.5714 36.3929
11.5357 36.3929
10.5 36.3929
9.46429 36.3929
8.42857 36.3929
7.39286 36.3929
6.35714 36.3929
5.32143 36.3929
4.28571 36.3929
3.25 36.3929
2.21429 36.3929
1.17857 36.3929
39.5 35.3571
38.4643 35.3571
37.4286 35.3571
36.3929 35.3571
35.3571 35.3571
34.3214 35.3571
33.2857 35.3571
32.25 35.3571
31.2143 35.3571
30.1786 35.3571
29.1429 35.3571
28.1071 35.3571
27.0714 35.3571
26.0357 35.3571
25 35.3571
23.9643 35.3571
22.9286 35.3571
21.8929 35.3571
20.8571 35.3571
19.8214 35.3571
18.7857 35.3571
17.75 35.3571
16.7143 35.3571
15.6786 35.3571
14.6429 35.3571
13.6071 35.3571
12.5714 35.3571
11.5357 35.3571
10.5 35.3571
9.46429 35.3571
8.42857 35.3571
7.39286 35.3571
6.35714 35.3571
5.32143 35.3571
4.28571 35.3571
3.25 35.3571
2.21429 35.3571
1.17857 35.3571
39.5 34.3214
38.4643 34.3214
37.4286 34.3214
36.3929 34.3214
35.3571 34.3214
34.3214 34.3214
33.2857 34.3214
32.25 34.3214
31.2143 34.3214
30.1786 34.3214
29.1429 34.3214
28.1071 34.3214
27.0714 34.3214
26.0357 34.3214
25 34.3214
23.9643 34.3214
22.9286 34.3214
21.8929 34.3214
20.8571 34.3214
19.8214 34.3214
18.7857 34.3214
17.75 34.3214
16.7143 34.3214
15.6786 34.3214
14.6429 34.3214
13.6071 34.3214
12.5714 34.3214
11.5357 34.3214
10.5 34.3214
9.46429 34.3214
8.42857 34.3214
7.39286 34.3214
6.35714 34.3214
5.32143 34.3214
4.28571 34.3214
3.25 34.3214
2.21429 34.3214
1.17857 34.3214
39.5 33.2857
38.4643 33.2857
37.4286 33.2857
36.3929 33.2857
35.3571 33.2857
34.3214 33.2857
33.2857 33.2857
32.25 33.2857
31.2143 33.2857
30.1786 33.2857
29.1429 33.2857
28.1071 33.2857
27.0714 33.2857
26.0357 33.2857
25 33.2857
23.9643 33.2857
22.9286 33.2857
21.8929 33.2857
20.8571 33.2857
19.8214 33.2857
18.7857 33.2857
17.75 33.2857
16.7143 33.2857
15.6786 33.2857
14.6429 33.2857
13.6071 33.2857
12.5714 33.2857
11.5357 33.2857
10.5 33.2857
9.46429 33.2857
8.42857 33.2857
7.39286 33.2857
6.35714 33.2857
5.32143 33.2857
4.28571 33.2857
3.25 33.2857
2.21429 33.2857
1.17857 33.2857
39.5 32.25
38.4643 32.25
37.4286 32.25
36.3929 32.25
35.3571 32.25
34.3214 32.25
33.2857 32.25
32.25 32.25
31.2143 32.25
30.1786 32.25
29.1429 32.25
28.1071 32.25
27.0714 32.25
26.0357 32.25
25 32.25
23.9643 32.25
22.9286 32.25
21.8929 32.25
20.8571 32.25
19.8214 32.25
18.7857 32.25
17.75 32.25
16.7143 32.25
15.6786 32.25
14.6429 32.25
13.6071 32.25
12.5714 32.25
11.5357 32.25
10.5 32.25
9.46429 32.25
8.42857 32.25
7.39286 32.25
6.35714 32.25
5.32143 32.25
4.28571 32.25
3.25 32.25
2.21429 32.25
1.17857 32.25
39.5 31.2143
38.4643 31.2143
37.4286 31.2143
36.3929 31.2143
35.3571 31.2143
34.3214 31.2143
33.2857 31.2143
32.25 31.2143
31.2143 31.2143
30.1786 31.2143
29.1429 31.2143
28.1071 31.2143
27.0714 31.2143
26.0357 31.2143
25 31.2143
23.9643 31.2143
22.9286 31.2143
21.8929 31.2143
20.8571 31.2143
19.8214 31.2143
18.7857 31.2143
17.75 31.2143
16.7143 31.2143
15.6786 31.2143
14.6429 31.2143
13.6071 31.2143
12.5714 31.2143
11.5357 31.2143
10.5 31.2143
9.46429 31.2143
8.42857 31.2143
7.39286 31.2143
6.35714 31.2143
5.32143 31.2143
4.28571 31.2143
3.25 31.2143
2.21429 31.2143
1.17857 31.2143
39.5 30.1786
38.4643 30.1786
37.4286 30.1786
36.3929 30.1786
35.3571 30.1786
34.3214 30.1786
33.2857 30.1786
32.25 30.1786
31.2143 30.1786
30.1786 30.1786
29.1429 30.1786
28.1071 30.1786
27.0714 30.1786
26.0357 30.1786
25 30.1786
23.9643 30.1786
22.9286 30.1786
21.8929 30.1786
20.8571 30.1786
19.8214 30.1786
18.7857 30.1786
17.75 30.1786
16.7143 30.1786
15.6786 30.1786
14.6429 30.1786
13.6071 30.1786
12.5714 30.1786
11.5357 30.1786
10.5 30.1786
9.46429 30.1786
8.42857 30.1786
7.39286 30.1786
6.35714 30.1786
5.32143 30.1786
4.28571 30.1786
3.25 30.1786
2.21429 30.1786
1.17857 30.1786
39.5 29.1429
38.4643 29.1429
37.4286 29.1429
36.3929 29.1429
35.3571 29.1429
34.3214 29.1429
33.2857 29.1429
32.25 29.1429
31.2143 29.1429
30.1786 29.1429
29.1429 29.1429
28.1071 29.1429
27.0714 29.1429
26.0357 29.1429
25 29.1429
23.9643 29.1429
22.9286 29.1429
21.8929 29.1429
20.8571 29.1429
19.8214 29.1429
18.7857 29.1429
17.75 29.1429
16.7143 29.1429
15.6786 29.1429
14.6429 29.1429
13.6071 29.1429
12.5714 29.1429
11.5357 29.1429
10.5 29.1429
9.46429 29.1429
8.42857 29.1429
7.39286 29.1429
6.35714 29.1429
5.32143 29.1429
4.28571 29.1429
3.25 29.1429
2.21429 29.1429
1.17857 29.1429
39.5 28.1071
38.4643 28.1071
37.4286 28.1071
36.3929 28.1071
35.3571 28.1071
34.3214 28.1071
33.2857 28.1071
32.25 28.1071
31.2143 28.1071
30.1786 28.1071
29.1429 28.1071
28.1071 28.1071
27.0714 28.1071
26.0357 28.1071
25 28.1071
23.9643 28.1071
22.9286 28.1071
21.8929 28.1071
20.8571 28.1071
19.8214 28.1071
18.7857 28.1071
17.75 28.1071
16.7143 28.1071
15.6786 28.1071
14.6429 28.1071
13.6071 28.1071
12.5714 28.1071
11.5357 28.1071
10.5 28.1071
9.46429 28.1071
8.42857 28.1071
7.39286 28.1071
6.35714 28.1071
5.32143 28.1071
4.28571 28.1071
3.25 28.1071
2.21429 28.1071
1.17857 28.1071
39.5 27.0714
38.4643 27.0714
37.4286 27.0714
36.3929 27.0714
35.3571 27.0714
34.3214 27.0714
33.2857 27.0714
32.25 27.0714
31.2143 27.0714
30.1786 27.0714
29.1429 27.0714
28.1071 27.0714
27.0714 27.0714
26.0357 27.0714
25 27.0714
23.9643 27.0714
22.9286 27.0714
21.8929 27.0714
20.8571 27.0714
19.8214 27.0714
18.7857 27.0714
17.75 27.0714
16.7143 27.0714
15.6786 27.0714
14.6429 27.0714
13.6071 27.0714
12.5714 27.0714
11.5357 27.0714
10.5 27.0714
9.46429 27.0714
8.42857 27.0714
7.39286 27.0714
6.35714 27.0714
5.32143 27.0714
4.28571 27.0714
3.25 27.0714
2.21429 27.0714
1.17857 27.0714
39.5 26.0357
38.4643 26.0357
37.4286 26.0357
36.3929 26.0357
35.3571 26.0357
34.3214 26.0357
33.2857 26.0357
32.25 26.0357
31.2143 26.0357
30.1786 26.0357
29.1429 26.0357
28.1071 26.0357
27.0714 26.0357
26.0357 26.0357
25 26.0357
23.9643 26.0357
22.9286 26.0357
21.8929 26.0357
20.8571 26.0357
19.8214 26.0357
18.7857 26.0357
17.75 26.0357
16.7143 26.0357
15.6786 26.0357
14.6429 26.0357
13.6071 26.0357
12.5714 26.0357
11.5357 26.0357
10.5 26.0357
9.46429 26.0357
8.42857 26.0357
7.39286 26.0357
6.35714 26.0357
5.32143 26.0357
4.28571 26.0357
3.25 26.0357
2.21429 26.0357
1.17857 26.0357
39.5 25
38.4643 25
37.4286 25
36.3929 25
35.3571 25
34.3214 25
33.2857 25
32.25 25
31.2143 25
30.1786 25
29.1429 25
28.1071 25
27.0714 25
26.0357 25
25 25
23.9643 25
22.9286 25
21.8929 25
20.8571 25
19.8214 25
18.7857 25
17.75 25
16.7143 25
15.6786 25
14.6429 25
13.6071 25
12.5714 25
11.5357 25
10.5 25
