35.93 35.93
36.9925 35.93
38.055 35.93
39.1175 35.93
0.18 35.93
1.2425 35.93
2.305 35.93
3.3675 35.93
4.43 35.93
5.4925 35.93
6.565 35.93
7.6175 35.93
8.685 35.935
9.7425 35.93
10.805 35.93
11.8675 35.93
12.93 35.93
13.9925 35.93
15.055 35.93
16.1175 35.93
17.18 35.93
18.2425 35.93
19.305 35.94
20.3775 35.93
21.43 35.93
22.4925 35.93
23.555 35.93
24.6175 35.93
25.68 35.93
26.7425 35.93
27.805 35.93
28.8675 35.93
29.93 35.93
30.9925 35.93
32.055 35.93
33.1175 35.93
34.18 35.93
35.93 36.9925
36.9925 36.9925
38.055 36.9925
39.1175 36.9925
0.18 36.9925
1.2425 36.9925
2.305 36.9925
3.3675 36.9925
4.44 36.9925
5.4925 36.9925
6.555 36.9925
7.6175 36.9925
8.68 36.9925
9.7475 36.9975
10.805 36.9925
11.8675 36.9925
12.93 36.9925
13.9925 37.0025
15.055 36.9925
16.1175 36.9925
17.18 36.9925
18.2425 36.9925
19.305 36.9925
20.3675 36.9925
21.43 36.9925
22.4925 36.9925
23.555 36.9925
24.6175 36.9925
25.68 36.9925
26.7425 36.9925
27.805 36.9925
28.8675 36.9925
29.93 36.9925
30.9925 36.9925
32.055 36.9925
33.1175 36.9925
34.18 36.9925
35.93 38.055
36.9925 38.055
38.055 38.055
39.1175 38.055
0.18 38.055
1.2425 38.055
2.305 38.055
3.3675 38.055
4.43 38.055
5.4925 38.055
6.555 38.055
7.6175 38.055
8.68 38.055
9.7425 38.055
10.805 38.055
11.8675 38.055
12.93 38.065
13.9925 38.055
15.055 38.055
16.1175 38.055
17.18 38.055
18.2425 38.055
19.305 38.055
20.3675 38.055
21.43 38.055
22.4925 38.055
23.555 38.055
24.6175 38.055
25.68 38.055
26.7425 38.055
27.815 38.055
28.8675 38.055
29.93 38.055
30.9925 38.055
32.055 38.055
33.1175 38.055
34.18 38.055
35.93 39.1175
36.9925 39.1175
38.055 39.1175
39.1175 39.1175
0.18 39.1175
1.2425 39.1175
2.305 39.1175
3.3675 39.1175
4.43 39.1175
5.4925 39.1175
6.555 39.1175
7.6175 39.1175
8.68 39.1175
9.7425 39.1175
10.805 39.1175
11.8675 39.1175
12.93 39.1175
13.9925 39.1175
15.055 39.1175
16.1175 39.1175
17.18 39.1175
18.2425 39.1175
19.305 39.1175
20.3675 39.1175
21.43 39.1175
22.4925 39.1175
23.555 39.1175
24.6175 39.1175
25.68 39.1175
26.7425 39.1175
27.805 39.1175
28.8675 39.1175
29.93 39.1175
30.9925 39.1175
32.055 39.1175
33.1175 39.1175
34.18 39.1175
35.93 0.18
36.9925 0.18
38.055 0.18
39.1175 0.18
0.18 0.18
1.2425 0.18
2.305 0.18
3.3675 0.18
4.43 0.18
5.4925 0.18
6.555 0.18
7.6175 0.18
8.68 0.18
9.7425 0.18
10.805 0.18
11.8675 0.18
12.93 0.18
13.9925 0.18
15.055 0.18
16.1175 0.18
17.18 0.18
18.2425 0.18
19.315 0.19
20.3675 0.18
21.43 0.18
22.4925 0.18
23.555 0.18
24.6175 0.18
25.68 0.18
26.7425 0.18
27.805 0.18
28.8675 0.18
29.93 0.18
30.9925 0.18
32.055 0.18
33.1175 0.18
34.18 0.18
35.93 1.2425
36.9925 1.2425
38.055 1.2425
39.1175 1.2425
0.18 1.2425
1.2425 1.2425
2.305 1.2425
3.3675 1.2525
4.43 1.2425
5.4925 1.2425
6.555 1.2425
7.6175 1.2425
8.68 1.2425
9.7425 1.2425
10.805 1.2425
11.8675 1.2425
12.93 1.2425
13.9925 1.2425
15.055 1.2425
16.1175 1.2425
17.18 1.2425
18.2425 1.2425
19.305 1.2425
20.3675 1.2425
21.43 1.2425
22.4925 1.2425
23.555 1.2425
24.6175 1.2425
25.68 1.2425
26.7425 1.2425
27.805 1.2425
28.8675 1.2425
29.93 1.2425
30.9925 1.2425
32.055 1.2425
33.1175 1.2425
34.18 1.2425
35.93 2.305
37.0025 2.305
38.055 2.305
39.1175 2.305
0.18 2.305
1.2425 2.305
2.305 2.305
3.3675 2.305
4.43 2.305
5.4925 2.305
6.555 2.305
7.6175 2.305
8.68 2.305
9.7425 2.305
10.805 2.305
11.8675 2.305
12.93 2.305
13.9925 2.305
15.055 2.305
16.1175 2.305
17.18 2.305
18.2425 2.305
19.305 2.305
20.3675 2.305
21.43 2.305
22.4925 2.305
23.555 2.305
24.6175 2.305
25.68 2.305
26.7425 2.305
27.805 2.305
28.8675 2.315
29.93 2.305
30.9925 2.305
32.055 2.305
33.1175 2.305
34.18 2.305
35.93 3.3675
36.9925 3.3675
38.055 3.3675
39.1175 3.3675
0.18 3.3675
1.2425 3.3675
2.305 3.3675
3.3675 3.3675
4.43 3.3675
5.4925 3.3675
6.555 3.3675
7.6175 3.3675
8.68 3.3675
9.7425 3.3675
10.805 3.3675
11.8675 3.3675
12.93 3.3675
13.9925 3.3675
15.055 3.3675
16.1175 3.3675
17.18 3.3675
18.2425 3.3675
19.305 3.3675
20.3675 3.3675
21.43 3.3675
22.4925 3.3675
23.555 3.3675
24.6175 3.3675
25.68 3.3675
26.7425 3.3675
27.805 3.3675
28.8675 3.3675
29.93 3.3675
30.9925 3.3675
32.06 3.3725
33.1175 3.3675
34.18 3.3675
35.93 4.43
36.9925 4.43
38.055 4.43
39.1175 4.43
0.18 4.43
1.2425 4.43
2.305 4.43
3.3675 4.43
4.43 4.43
5.4925 4.43
6.555 4.43
7.6275 4.43
8.68 4.43
9.7425 4.43
10.805 4.43
11.8675 4.43
12.93 4.43
13.9925 4.43
15.065 4.44
16.1175 4.43
17.19 4.43
18.2425 4.43
19.305 4.43
34.93 34.93
33.8675 34.93
32.805 34.93
31.7425 34.93
30.68 34.93
29.6175 34.93
28.555 34.93
27.4925 34.93
26.43 34.93
25.3675 34.93
24.305 34.93
23.2425 34.93
22.18 34.93
21.1175 34.93
20.055 34.93
18.9925 34.93
17.93 34.93
16.8675 34.93
15.805 34.93
14.7425 34.93
13.68 34.93
12.6175 34.93
11.555 34.93
10.4925 34.93
9.43 34.93
8.3675 34.93
7.305 34.93
6.2425 34.93
5.18 34.93
4.1175 34.93
3.055 34.93
1.9925 34.93
0.93 34.93
39.8675 34.93
38.805 34.93
37.7425 34.93
36.68 34.93
34.94 33.8675
33.8675 33.8675
32.815 33.8675
31.7425 33.8675
30.68 33.8675
29.6175 33.8775
28.555 33.8675
27.4925 33.8675
26.43 33.8675
25.3675 33.8675
24.305 33.8675
23.2425 33.8675
22.18 33.8675
21.1175 33.8675
20.055 33.8675
18.9925 33.8675
17.93 33.8675
16.8675 33.8675
15.805 33.8675
14.7425 33.8675
13.68 33.8675
12.6175 33.8675
11.555 33.8675
10.4925 33.8675
9.43 33.8675
8.3675 33.8675
7.305 33.8675
6.2425 33.8675
5.18 33.8675
4.1175 33.8675
3.055 33.8675
1.9925 33.8675
0.93 33.8675
